project_id
10003
10010
10012
10015
100228
100300
100501
100529
100541
100573
10078
100867
100898
100933
101158
10145
101452
101491
101559
102092
102388
102744
102863
103034
103481
103649
104184
10429
104297
104397
104980
105309
10555
106627
106791
10796
108581
10883
109798
109799
109812
109815
110023
110056
110193
110283
110340
110871
111222
111226
111468
111482
111577
111803
111833
111856
111975
112244
112459
112474
11268
112682
112853
112868
113096
113135
113410
113691
113694
113799
1142
11439
114489
114524
11468
114994
115733
116185
11666
1170
117025
11800
118114
118289
11902
119763
119805
119807
119810
119812
119822
119838
119854
119884
120041
12012
120517
120521
120522
120528
120531
120532
120677
120678
120792
120877
120933
120954
120987
121151
121758
121797
121809
121949
122268
122641
123175
123240
123249
123678
12439
124475
124552
124978
125187
125716
125813
125935
125975
126041
126320
126915
127079
127118
127174
127291
1279
128120
128187
12828
129253
129255
129266
129271
129279
129285
129292
129306
129315
129317
129322
129327
129330
129347
129401
129412
12946
129481
129490
129513
129532
129550
129758
129760
13
130016
130039
130060
130098
130217
130256
130313
130419
130535
130577
130672
130827
130918
131311
131393
131589
131606
131669
131670
131787
132133
132454
132505
132545
132642
132700
132891
133088
133090
133098
133110
133112
133117
133121
133129
133131
133133
133156
133166
13319
133207
133362
133897
134205
134305
134611
134693
134713
134750
134764
134930
135228
135333
135408
135527
135529
135795
136562
136596
136657
13675
13688
137213
137853
137855
138387
138641
139176
139389
139591
139764
139801
140336
140464
140629
140873
141171
141992
143022
143024
143025
143029
143034
143041
143048
143059
143070
14316
143173
143219
143568
143654
143819
143963
144022
144169
145117
145180
145281
145364
145377
145812
146147
146704
146741
146818
147023
147832
14810
148173
148239
148317
148543
148609
148712
148864
149053
14924
149347
149774
149801
149819
149932
150096
151110
15116
151602
152179
15249
152961
152963
152964
152977
152983
152998
152999
153000
153030
153034
153072
153245
153372
153389
15340
153418
153522
153949
154375
154547
154561
154847
154992
154996
155139
155167
155618
156194
156198
156456
156823
156831
156846
156997
157681
158042
158226
158490
158507
158914
159235
160841
160953
16115
161169
161474
161557
161795
162876
162883
162913
162917
163115
163146
163313
163514
163593
163595
163786
163864
164158
16418
164191
1642
164245
164273
164446
164675
164689
164706
164732
164848
164859
164960
166030
166498
166551
166684
166876
167118
167128
167402
16741
167422
167493
167532
167910
168042
168165
168649
169193
169344
169442
169621
169878
16988
170191
170954
17109
171715
173034
1744
174521
174526
174528
174531
174556
174557
174558
174597
174618
174715
174840
175288
175430
175538
175894
175988
176046
176056
176324
176484
177416
177448
177665
177759
177828
177983
178372
178518
178740
178959
179122
179545
180159
18043
1806
180726
180876
181135
181258
181276
181602
182223
1823
183743
186052
186053
187089
188540
189153
189306
1910
192202
193437
19997
2
20018
200192
20032
20045
200476
200497
201077
201108
20135
20137
20166
201990
202837
20425
20427
20462
206524
207199
207446
20771
20815
20828
208448
20939
21085
21161
21225
2133
21376
214251
214262
214270
215910
21670
216947
21816
218240
21985
22088
221186
222553
22287
22359
228493
22979
229877
229978
23209
23223
233390
233570
23760
238417
238435
23883
24081
24095
2418
242223
242236
24571
245939
247778
24850
249188
24974
25173
25670
26101
26533
26952
27353
27451
29991
29995
29999
30008
30018
30035
30039
30056
30078
30112
30113
30305
3065
3072
30783
30890
30896
31402
31547
32064
32155
3303
33141
33179
33505
3364
33712
33927
34342
3478
34852
34917
34979
3515
35413
35984
36925
37214
37503
37709
37803
37838
38347
38351
38497
38726
39380
40473
40580
40636
40736
40956
41108
41599
41810
41920
41933
42376
42858
42993
43252
43278
43426
43514
43515
43564
43735
43835
44185
44235
4426
44346
44349
4436
44574
44745
44830
44873
45049
45053
45402
45783
46793
47062
47137
47292
47874
48
4835
49623
4984
49967
4997
49975
49978
50000
50026
50087
5010
50109
50165
50398
50543
50741
50792
50900
51197
514
51436
51563
51761
518
52088
52168
52198
52329
52492
52523
53836
54078
54196
54890
55143
5523
55319
55335
55430
55458
55561
55675
55705
56052
56159
56181
56360
57279
59395
59950
59951
59975
60610
60640
60645
60670
60683
6071
60717
60752
61088
61857
62288
62506
62645
62729
62730
62731
62804
62900
62921
62935
63027
63151
63209
63303
6334
63661
64256
64583
64909
64960
6542
66238
66527
66642
66685
66838
67473
67693
67705
68079
68507
68776
68784
68847
68998
69265
69533
69809
69819
69833
70216
70280
70292
70384
70385
70600
70736
70754
71155
71278
71381
71776
71777
72235
72268
72346
72804
7306
73121
73280
73366
73619
73763
73804
74076
74392
74585
74854
74879
74956
75362
75370
75544
75931
77319
77322
7828
78374
7904
79880
79972
80020
80027
80050
80082
80090
80092
80181
80278
80415
80708
80767
80803
80864
80869
80908
80995
81057
81198
81348
81382
81499
81862
81970
82001
82019
82447
82629
83540
83838
84172
84306
84335
84374
84440
84593
84719
84830
84973
85232
85457
85983
86979
89800
89803
89807
89809
89811
89823
89831
89856
9
90120
90451
90506
90678
90778
90912
92205
92212
92283
92504
92508
92509
92517
92602
92635
92704
92709
92778
92811
92827
92828
92837
92891
92911
92915
93555
93619
93681
93808
93821
93910
94011
94095
94208
99801
99808
99813
99816
99818
99819
99847
99963
