project_id
100056
10024
100629
100662
100849
100962
101123
101452
101491
101559
101771
101794
102574
102665
102669
102825
103086
103714
103784
104447
104448
105093
105198
106027
106664
106831
107110
10715
107226
107297
107489
108011
108617
10874
108761
109266
109274
109562
109667
109729
109799
109974
110017
110173
110316
110691
110864
111577
112099
112267
112425
112853
112868
113132
113234
113305
113442
113494
113621
113743
113799
114294
114401
114658
114848
115483
115518
11614
116537
11668
116981
116991
1170
117798
118095
118114
11853
118939
119034
119295
119370
119617
119689
119763
119797
119805
119807
119822
119834
119838
119846
119921
119960
119996
120232
120395
120517
120598
120784
120909
120987
121458
122026
122092
122641
122659
122856
122866
122908
123756
123927
124465
124475
124551
124552
124888
125157
125187
12525
125534
125661
125813
126041
126320
126384
12701
127081
127094
127291
127452
127593
127913
128263
128288
128374
128930
129266
129271
129279
129280
129292
129297
129306
129315
129327
129347
129378
129412
129418
129424
129469
129480
129485
129490
129760
129838
129845
130016
130039
130065
130067
130089
130184
13021
130377
130419
130535
130643
130672
130733
130918
131120
131311
131472
131525
131589
131606
131669
131787
131918
132055
132461
132525
132554
132795
132891
133098
133110
133121
133129
133161
133168
133207
133222
133292
133413
133781
133979
134205
134265
134305
13436
134419
134575
134611
134700
134750
134764
134817
134930
135228
135353
135408
135498
135784
135795
135851
13624
136562
136596
137132
137853
137855
138641
139176
13924
139825
13998
140195
140774
140776
140799
14117
141185
141906
142000
14243
142749
142935
143024
143025
143029
143034
143070
143568
143654
143819
143848
143954
144169
144894
145051
145117
145208
145281
14533
145723
145812
146741
146780
146876
147196
147473
147832
148173
148239
148695
148864
148951
149136
149332
1495
149819
149932
150329
150462
150478
151256
151341
151617
151642
152686
152772
152963
152998
153023
153030
153036
153072
153097
153161
153179
153418
153494
153515
153562
153619
153949
154151
154666
154787
154846
154911
154992
156376
156456
156508
156693
156831
156969
157116
157745
158255
158509
15855
158696
158823
159798
159807
16013
161438
161445
161795
16204
162154
162352
16265
162794
162879
162893
162917
162921
162923
163050
163110
163115
163208
163262
163313
163435
163480
163708
163786
163864
163903
164158
164203
164675
165179
165244
165422
165921
165994
166001
166030
166434
166461
166517
166551
166590
166602
166804
166876
166905
167128
167422
167482
167493
167591
167813
168150
168165
168383
168649
169321
169351
170191
170308
170346
170441
171034
171124
171171
171535
171789
171994
172050
172241
172467
172852
17315
173486
173504
173834
173872
173962
1741
174222
174387
174531
174556
174638
174708
174840
174903
175068
17512
175382
175583
175648
176056
176460
176470
176669
176813
177416
177656
177828
178195
178218
178406
17854
178751
179172
179449
179453
179774
180145
180157
180165
180415
18045
180726
180825
180916
181117
181258
181345
181602
181867
182642
182694
183422
183512
183708
183810
183957
184218
184454
18457
184610
184801
184809
184879
18502
185469
185504
185550
18690
18702
188295
18938
189423
189709
189800
190
190287
190975
192202
194313
19494
19997
20012
20018
200192
20032
200462
200551
200772
201077
201567
201744
202837
20306
203435
203530
2039
20462
207682
208096
20815
208448
20908
20939
209682
21085
21161
21225
213697
214288
214795
216947
218126
218874
219522
22050
22054
221186
221389
22287
223998
224329
22437
224680
22497
22531
22630
226747
22703
227465
22955
229978
23027
231074
233165
235276
2382
238417
238429
238645
240020
24159
2418
242603
242941
245939
246768
248288
249680
25087
251
25182
253310
25497
2587
25960
25973
2645
26535
26952
26988
27133
28125
28180
29196
2955
29622
29835
29976
29991
30035
30075
30078
30112
30446
3050
30560
3065
30896
30995
31222
31402
31978
3229
33
33141
33179
33712
33927
34091
34113
34342
34440
34678
34979
3515
35642
3581
35999
36213
365
36530
37302
37709
37817
38347
38703
39350
39358
39380
39395
39620
39909
40044
40155
40580
40636
40644
41108
41123
41250
41810
42634
43180
43226
43245
43252
43445
43515
43604
4436
4459
44590
44602
44619
448
44839
45024
45684
46642
46838
48054
48217
48840
48977
49005
49122
49149
49175
49188
49449
49458
49623
50016
50109
50332
50333
50943
51516
51621
52198
52510
53068
5309
53685
54162
54168
54771
54963
55319
55561
55612
5630
56324
57093
57270
57552
57667
57812
57995
58238
58478
5869
58756
59128
59284
59462
59522
59623
59982
60335
60645
60670
60683
60779
61088
61144
61517
61638
61857
62288
62562
62645
62900
63027
63105
63303
63492
63556
63574
64506
64583
64909
64937
64960
66527
66674
66685
66789
66838
67170
67222
67473
67693
67705
67908
68776
68784
68831
68847
6913
69218
69326
6953
69533
69634
69674
69809
70042
70075
70280
70385
70653
71102
71155
71467
71623
71818
72235
72268
7241
72695
72719
7294
72963
73619
73804
74076
74814
75047
75090
75246
75258
75354
75362
75931
76
76175
76780
77319
77642
77659
78098
78431
78496
78634
78721
79775
79806
79822
79845
79880
79896
7991
79910
80119
80122
80175
80415
80433
80469
80708
80866
81444
81499
82019
82066
82097
82326
82548
82974
8337
83632
83644
84172
84306
84914
85144
85450
86310
86321
87306
87312
87393
87791
87991
88381
89448
89626
89802
89803
89804
89811
89831
89851
89863
9
90176
90300
90418
90445
90947
91188
9145
91937
92150
92192
92205
92370
92441
92504
92602
92704
92905
93227
93460
93513
93681
94011
94112
94484
94601
94910
9516
95215
9551
96235
9795
99816
