project_id
101205
102259
102438
103416
104812
106390
108840
109568
109864
110810
111416
112202
113126
113158
113801
113874
114618
115331
116659
11692
117450
117514
117651
118546
118993
119983
121243
122343
122834
123295
123563
123605
125622
125859
125977
126206
12637
126867
127393
127533
127774
128052
128059
128202
128236
128256
128267
128331
128427
128588
128730
128764
128798
128817
128847
128916
128938
129118
129279
129792
129987
130212
130393
130495
130554
130595
130944
131038
131361
131864
131942
132048
132961
133557
133717
134624
134943
135392
135635
135713
135845
137184
13736
138002
138204
138399
138537
139386
139656
139719
139776
139935
140128
140355
140444
140515
140855
140974
141077
141094
141137
141199
141324
141627
141877
141933
142047
142171
142211
142754
143700
144769
145902
146339
146572
146851
147332
147463
147560
147794
148501
148556
148677
148757
149594
149778
14982
151427
152371
152582
152884
153249
15345
154193
154509
154635
155335
155651
155890
155928
156265
156816
159018
159735
160010
161166
161399
161719
161885
162237
163460
1639
163945
16511
16736
167732
168906
169156
170238
171046
171586
172302
172330
172376
172960
172996
173600
173826
174027
174069
174183
174318
174426
175040
175246
176215
177726
178669
178767
178783
178829
179983
180237
181676
182202
182310
182726
182730
18300
183561
183972
183976
18420
184549
184986
185119
185419
185895
186736
186838
186861
187194
187359
187969
188159
188233
188301
188843
188938
189321
189344
189958
189981
190018
19002
190087
190124
190266
190378
190827
190897
191128
191221
191276
191337
191524
191608
191830
191914
19197
192058
1923
192427
192616
192657
192730
192747
192864
19297
192993
193127
193135
193137
193155
193372
193458
194555
194561
194634
194788
195024
195080
195364
195421
195445
19554
195583
19603
196689
196706
197030
197243
197311
197443
197461
197522
197660
197693
197827
197866
197877
197903
197977
197993
198002
198170
198219
198459
198668
198792
198825
198844
198876
198906
198942
198955
199115
199176
199201
199277
199353
199463
199490
199539
199672
199782
199806
200010
201000
201213
202038
202080
202210
202262
202542
202605
203290
203372
203650
203679
203742
203867
204003
204016
204032
204202
204282
204397
204431
204487
204564
204816
205057
205249
205593
205792
205831
206101
206236
206350
206411
206435
206856
207103
207379
207392
207496
207497
207678
207875
207965
208162
209047
209319
209623
209729
209751
209818
209913
210545
210637
210692
210729
210833
210887
210919
211041
211477
211631
211713
211746
211905
211972
212040
212220
212301
212356
212415
212444
212487
212651
212923
213246
213544
213560
213599
213602
213727
213741
213896
2139
213941
214076
214202
214943
214962
215173
215210
215443
215553
215622
215982
216095
216545
216604
216890
217321
217371
217715
217926
218231
218254
218331
218377
218489
218679
218814
219015
219078
219354
219681
219917
220083
220365
220620
220652
220670
220982
221798
222059
222083
222346
222528
223391
223509
223512
223670
223973
224463
224605
224720
224852
224885
224965
224976
225017
225036
225083
225214
225384
225397
225402
225607
225610
225702
225785
225824
225853
225964
226102
226137
226231
226232
226490
226541
226867
227214
227264
227289
227339
227815
227868
227905
228200
228956
229249
229317
230064
230447
230568
230828
230920
230958
231093
231143
231339
231639
231675
231948
232177
232179
232480
232502
232513
232803
233067
233325
233437
233448
233617
233660
233951
234169
234773
234792
234992
235303
235308
235315
235621
235675
235974
236005
236009
236059
236277
236436
236495
236811
236829
237490
237674
237739
237780
237809
237971
238095
238392
238572
238585
238863
238910
238961
239125
239149
239188
239231
239348
239404
239405
239438
239525
239609
239693
239704
239717
239777
239804
239827
239889
240005
240228
240281
240423
240425
240432
240507
240584
241226
24155
241622
241661
241679
241685
241690
241724
241743
241756
241769
241885
241914
242046
242110
242389
242790
242952
243187
243651
244305
244358
244590
244923
245250
245394
245532
246193
246763
247102
247107
247441
247698
24774
247880
248278
248516
248870
249100
249203
249245
249609
249856
250106
250168
250393
250680
250738
250849
250982
251224
251414
251518
251697
251778
252167
252530
252604
252773
252925
252952
253048
253077
253172
253211
253312
253633
253639
253833
253922
253950
253973
253988
254110
254266
254381
254498
254509
254520
254565
254687
254844
254860
254933
255040
255391
255412
255468
255886
255992
256058
256241
256251
256524
257058
257636
257724
258029
258070
25815
258426
258702
259015
259375
259839
259881
259921
259960
260096
260405
260706
260797
260870
261131
261228
261416
261431
261489
261741
261844
262023
262364
262480
262489
262712
263240
263568
263583
263709
263928
263968
264050
264306
264326
264337
264374
264421
264429
264476
264698
264739
264759
264926
26602
28179
28777
29260
29334
29567
29610
30096
35165
35315
3607
36119
3671
37346
37377
37438
37490
37539
37863
37913
37968
39284
39307
39328
39425
39635
39667
39798
39820
39826
39869
39891
39897
39918
41358
42171
43953
43983
44411
44491
44618
44935
45797
46040
46239
46468
47007
47035
47493
47839
48272
48618
48642
49046
49062
5013
5036
51322
54830
54883
54929
55202
56298
56642
57486
58057
58882
58961
59038
59083
59160
59297
59359
59778
60348
60440
6073
60756
60974
6148
62788
63033
63156
63309
64542
66253
66310
66357
66594
66641
66799
66947
67413
67836
67849
67992
68301
68698
6906
69170
69438
69622
71120
72406
74874
75730
77548
78509
78647
79569
79781
79945
80239
80305
81103
83517
85816
85938
85945
86333
87294
87582
87874
88226
88261
88275
88410
89669
8977
91517
9184
92618
92801
93518
93520
93857
9392
94127
94134
94163
94165
94420
94594
94625
94989
95304
96088
96803
96830
96885
97345
97397
97803
