project_id
10110
101615
104
105343
106828
106838
107922
108065
108252
108289
108334
108450
10944
10958
109746
109780
109918
110128
110227
110356
110741
111241
11209
112385
112406
112425
112448
112522
112902
112961
113186
113380
114270
114354
115518
116420
116673
117253
117261
117308
117416
117876
11804
1184
118803
119370
119569
11984
119996
120268
120408
120451
121473
121627
12251
122526
123386
1236
123888
124128
124402
124832
124890
125087
125475
125638
126075
126106
126146
126331
126661
126752
126782
127196
128174
128285
128286
128287
128502
128581
128722
129080
129217
129378
129412
129424
129455
129486
129540
129780
129838
130003
130160
130172
130184
130535
130536
130538
130676
130907
131175
131280
131287
131323
131502
13179
131811
132138
132793
132944
132993
133626
133667
133866
134070
134148
134497
134941
134972
135150
135205
13526
135357
135770
135772
135800
136313
136437
137166
137355
13748
137617
138176
139657
139946
140366
14067
140684
140895
141004
141454
141672
142043
142214
142225
14271
142794
143024
143262
143929
145098
145515
145754
1460
146231
146717
146786
14774
14835
148436
149594
14965
150377
150462
150523
151096
151501
15164
151661
152686
15271
152753
15283
152882
15411
154543
156125
158314
158321
158322
158350
158369
158404
158406
158681
16002
160092
160802
160811
16124
162342
162829
163674
163689
164025
164754
166012
166636
167021
167138
167568
168005
16848
168685
169130
169324
169597
170471
170669
170752
171209
171380
171550
171584
171659
171751
172213
172220
172274
172304
172330
172608
172614
172925
173160
173350
174035
174959
17512
175823
176578
177004
178036
178337
179189
179954
18014
180378
181568
182659
182858
18319
183328
183533
183661
183933
183972
184081
184112
184239
184549
1850
185051
18506
185514
185639
185716
185725
185858
186169
18693
187059
187109
187264
18731
187511
188516
18868
189141
18968
190587
190642
190712
19133
191757
192305
192437
193255
193307
193308
193309
193314
194353
195356
195377
195939
196328
196555
196795
196863
196883
196910
196946
197043
197171
197413
197441
197539
197564
197584
197586
197593
197621
197637
197638
197650
197684
197710
197769
197811
197860
197909
197910
197924
197926
197961
197963
197964
197977
198002
19810
198267
198275
198332
198344
198516
198580
198897
198951
198955
199341
199510
199559
199578
199849
19989
2
200013
200185
200615
201751
202650
202657
202777
202948
202954
203281
20333
2043
205215
20540
205542
207058
207302
207304
207306
207452
208528
208945
209110
209293
210242
210250
210451
210470
210639
210744
210749
210859
210886
210987
211032
211224
211267
211417
211426
211427
211432
211457
211481
211804
211855
211869
211929
211932
211941
211961
212090
212247
212268
212305
212322
212352
212431
212488
212555
212700
213003
213127
213312
213333
213414
213472
213496
213585
213874
214010
214014
214042
214107
214233
21446
215638
215808
215833
217029
217190
217635
218171
218335
218582
220689
221353
221357
221359
22269
222706
223058
223110
223342
223963
224075
224306
224309
224400
224584
224701
224806
224839
224851
224854
224869
224873
224887
224891
224965
224976
225029
225052
225142
225173
225377
225423
225544
225560
225602
225785
225803
225894
225909
225913
225946
225957
226002
226150
226159
226217
226232
226327
226335
226354
226379
226468
226519
226532
226955
226965
227032
227088
227174
227457
227494
227610
227612
227622
227760
227778
228781
228926
22932
230416
230726
231026
231030
231039
231736
231948
232127
232375
23266
23328
23347
233676
23392
234012
235390
235392
235393
235394
23596
235982
237113
237382
238387
238434
238821
23883
238877
238881
238976
238988
239136
239171
239172
239182
239195
239218
239341
239361
239380
239525
239530
239552
239553
239598
239777
239782
23979
239958
239960
240003
240033
240036
240084
24017
240222
240259
240261
240322
240323
240420
240476
240584
240769
240825
241368
241569
241622
241667
241765
241870
242035
242052
242603
243264
243486
244405
244618
244626
244632
245000
2452
246678
24758
24849
248812
248976
249167
249178
249277
249279
249280
249789
249845
249899
251816
252116
252174
252198
252275
252613
252623
252632
252706
252844
252887
253102
253123
253148
253349
253351
253368
253403
253419
253432
253433
253461
253561
253589
253687
253762
253764
253792
253828
253840
253866
253897
253982
254006
254074
254084
254098
254137
254151
254353
254421
254427
254809
25486
254919
255158
255360
255439
255443
255455
255486
255594
255604
255617
255687
255902
255917
255937
255949
256416
256445
256541
256810
257255
257425
258050
258736
258769
258876
259120
259473
260040
260448
260709
260728
260965
261184
261670
261744
261903
261912
261977
262098
262408
262704
262873
262909
263040
263518
263701
263750
263889
264166
264337
264497
264498
264721
264753
264884
26525
26619
26947
27524
27786
27981
28349
28594
2889
29656
3015
3132
33055
33603
34091
3440
37838
38549
40661
41166
41340
42194
42889
43686
44197
44502
44546
44619
448
45234
45539
45781
45992
4624
46602
4740
47453
47661
47821
47873
48428
48490
48619
48649
48742
48924
48925
48926
49077
49089
49311
4963
50695
51153
51408
56108
57060
57652
5781
57972
58932
59399
60058
60522
60885
60997
6123
61315
6138
61412
61729
6181
61862
62159
62921
62957
6305
63650
64981
65131
65616
65904
66633
66933
6702
67328
67341
67608
67609
67635
67783
68135
68363
68368
68379
68578
6865
69137
6920
69461
69562
7183
7281
7416
75440
75575
76618
76709
77645
77697
77758
77760
7777
78066
78117
78375
7849
78611
79532
8134
8135
8190
83369
83854
84123
84552
84694
84980
85021
85096
85176
85189
85257
85300
85414
85464
85467
85581
85691
85693
85728
85872
86062
86238
86497
87071
87198
87281
87513
87633
87751
88018
88381
88797
89362
89466
90603
92060
93385
93850
95113
95227
9538
