project_id
10003
10006
10010
10012
100215
100217
100228
100268
100307
10031
100437
10048
100513
100529
100622
100867
100933
10110
101140
10117
101594
101820
102058
102347
102388
102744
102863
102992
103240
103425
103481
104106
104204
104239
10429
105329
105384
105437
10555
106140
106627
10873
10874
10954
109798
109799
109812
109815
109832
110054
110318
110472
110697
110864
111007
111031
111226
111239
111255
111526
111577
111803
111833
111938
111975
112288
112474
11268
112682
112853
113410
113532
11356
113577
113691
113774
113852
11402
114064
1142
114225
114499
114523
114642
115016
115101
11567
115733
11622
116447
11671
116760
11715
118114
119812
119814
119818
119821
119822
119834
119838
119854
119858
119859
119870
119877
119927
119978
120041
12012
120517
120796
120933
121072
121151
121256
121450
121578
121709
121797
121989
122220
122233
122268
122379
122690
122709
122841
122957
123084
123175
123240
123249
123462
123574
123581
1236
123678
123847
124276
12439
12465
12473
124997
125187
125813
126320
126384
126821
12828
12911
129251
129252
129253
129255
129265
129266
129269
129271
129277
129279
129285
129292
129299
129306
129309
129315
129317
129327
129330
129353
129368
129393
129409
129412
129490
13
130039
130098
130410
130419
130552
130845
130917
130918
130938
130981
131498
131589
131606
131889
131914
131942
132133
132184
132248
132345
132379
132479
132545
132700
133090
133091
133098
133110
133114
133117
133121
133129
133131
133133
133135
133137
133144
133156
133161
13319
133769
133897
133945
134305
134611
134713
134764
135153
135228
135342
135529
135770
135795
136562
136657
13675
136895
1376
137679
137853
138459
138641
139391
139400
139709
139801
140336
140366
140424
140464
140507
140873
141150
142000
143021
143022
143024
143025
143028
143029
143041
143047
143048
143059
143063
143070
143081
143090
143106
14316
143219
143516
143568
143583
143595
143656
143963
144169
144170
144388
144572
144595
145180
145281
145364
145635
145763
146163
146609
146756
146818
147023
147245
147411
147832
148317
148353
148543
1492
149774
150141
151501
15249
15293
152962
152963
152964
152983
152998
153014
153032
153034
153087
153272
153372
153381
153418
153512
154048
15415
154428
154547
154561
154620
15473
154911
154992
155169
155325
156398
156405
158163
158490
158611
158756
158991
15942
159465
159564
159671
160514
160841
160943
161098
161266
162874
162876
162883
163146
163428
163506
163514
163690
163772
163786
163864
163999
164184
1642
164245
164351
164675
164689
164732
165133
165317
165451
165916
166589
166733
166869
167033
167128
167159
167422
167493
167869
168042
168292
168467
168572
169136
169344
169819
170714
171617
1744
174521
174526
174528
174531
174539
174554
174556
174558
174597
174606
174608
174618
174840
175288
175297
175434
175449
175538
175855
175894
175988
176056
176290
176527
176671
176788
177067
177087
177703
178422
178518
179474
179545
179607
179943
180159
180474
180683
180726
180876
180884
181043
181258
181276
181457
181602
183166
186052
186053
186234
186847
187089
187607
188541
188701
189134
189153
1910
196054
19995
19997
2
20002
20018
200229
20032
201077
201108
20135
20184
201906
201990
203124
20328
20427
205497
20560
207446
20815
20895
20939
209485
21085
21161
21225
212843
2133
21376
214251
214262
214270
215910
21670
216761
216803
217280
21741
21816
219241
220325
220340
22088
22359
22376
228493
228988
229273
230088
230218
230783
23097
232079
23223
233390
23398
23438
23538
23751
23760
2418
24206
242236
24237
242448
244186
24702
247778
248288
248422
24850
248910
25039
251598
25535
26533
26715
27451
28879
29991
29995
29999
30010
30013
30018
30038
30039
30075
30340
30480
3065
3072
30747
30748
30782
30896
3132
31547
31648
31653
31676
32422
32737
32817
32935
33
33179
33344
33385
33505
33712
3379
34342
34852
34979
3515
3525
36213
36337
36373
36527
36925
37214
37838
38351
38864
39980
40004
40061
40090
40120
40136
40148
40329
40368
40733
40736
41123
41145
41178
41268
41480
41599
41920
42226
42340
42351
42376
42488
42658
42772
43252
43278
43426
43515
43527
43559
43581
43735
43835
44139
4415
4426
44346
44349
4436
47119
47711
47874
4835
4984
49953
4997
49975
49978
50028
50048
50213
50279
51134
51147
51436
51526
51580
51960
52329
52426
52450
52530
52694
52841
53039
53520
53522
53655
53836
53885
53964
5418
54366
54562
54868
54890
55052
55143
55319
55430
55458
5555
55719
56159
56181
56360
57807
59395
59950
59951
59963
59969
59975
59980
59984
59990
60048
60113
60573
60610
60640
6071
60821
61568
61638
6181
61832
6188
62288
62437
62526
62532
62540
62642
62900
62921
62935
62966
62970
63303
6334
63529
63661
63815
64256
64362
64370
65507
65924
66527
66642
66838
67473
67705
67742
68784
69257
69803
69809
69810
69819
69833
69883
70094
70119
70186
70216
70280
70335
70384
70724
70736
70929
70970
71031
71278
71381
71501
71846
71857
72114
72213
72221
72268
72362
72389
72663
72812
7306
73218
73280
73366
73687
73804
73955
74076
74441
74585
75021
75261
75376
75544
7828
7905
7913
79880
79920
80020
80050
80090
80092
80142
80278
80469
80504
80641
80663
80668
80687
80708
80767
80772
80797
80803
80995
81057
81072
81198
813
81657
81989
82280
82429
82447
83934
84306
84325
84352
84593
87080
87206
87360
88808
898
89800
89803
89805
89807
89809
89811
89812
89819
89823
89824
89845
89856
89864
89872
89895
89950
90133
90147
90177
90312
90451
90506
90678
90778
90875
90912
91012
91054
91129
91192
91269
91600
91907
92542
92602
93008
93056
93832
93833
94011
94626
99801
99808
99813
99818
99819
99852
